Fcapacity_max :  115.87619047619049
Fcapacity_min :  40.11904761904762
Fdistance_max :  103150.0
Fdistance_min :  53990.0
[[1.00000000e+00 0.00000000e+00]
 [1.00000000e+00 0.00000000e+00]
 [9.41619203e-01 8.38100027e-04]
 [9.41619203e-01 8.38100027e-04]
 [8.93816111e-01 1.67620005e-03]
 [8.93816111e-01 1.67620005e-03]
 [8.76525631e-01 2.37810883e-03]
 [8.76525631e-01 2.37810883e-03]
 [8.49369406e-01 2.77620634e-03]
 [8.49369406e-01 2.77620634e-03]
 [8.33706265e-01 3.21620885e-03]
 [8.31773800e-01 4.05430888e-03]
 [7.95463792e-01 4.63050265e-03]
 [7.88649308e-01 5.73050894e-03]
 [7.62917006e-01 6.24384520e-03]
 [7.58848657e-01 9.65910281e-03]
 [7.32404394e-01 1.04343453e-02]
 [7.28336046e-01 1.38496030e-02]
 [7.11452400e-01 1.42896055e-02]
 [7.04332791e-01 1.51277055e-02]
 [6.97416599e-01 1.64477130e-02]
 [6.80939788e-01 1.84801056e-02]
 [6.80939788e-01 1.84801056e-02]
 [6.67717657e-01 2.01563057e-02]
 [6.52868186e-01 2.26706057e-02]
 [6.42290480e-01 2.43468058e-02]
 [6.36391375e-01 2.65049134e-02]
 [6.18694060e-01 2.76992059e-02]
 [6.05878763e-01 3.06954135e-02]
 [5.96318145e-01 3.18897060e-02]
 [5.76484947e-01 3.61430637e-02]
 [5.69670464e-01 3.84687913e-02]
 [5.55126119e-01 3.92230813e-02]
 [5.55126119e-01 3.92230813e-02]
 [5.35496338e-01 4.34973914e-02]
 [5.25732303e-01 4.84840866e-02]
 [5.06204231e-01 4.85259916e-02]
 [4.97660700e-01 5.26745867e-02]
 [4.81794142e-01 5.35545917e-02]
 [4.76301871e-01 5.57546043e-02]
 [4.68368592e-01 6.17260670e-02]
 [4.56163548e-01 6.26060720e-02]
 [4.50874695e-01 6.29413120e-02]
 [4.40703824e-01 7.02746873e-02]
 [4.36838893e-01 7.21394598e-02]
 [4.21379170e-01 7.38575649e-02]
 [4.08970708e-01 7.77128250e-02]
 [4.05919447e-01 8.15261801e-02]
 [3.90459723e-01 8.32442852e-02]
 [3.90459723e-01 8.32442852e-02]
 [3.76118796e-01 9.42024431e-02]
 [3.76118796e-01 9.42024431e-02]
 [3.68999186e-01 9.93358057e-02]
 [3.52929211e-01 1.03253923e-01]
 [3.52929211e-01 1.03253923e-01]
 [3.35740439e-01 1.10692061e-01]
 [3.35740439e-01 1.10692061e-01]
 [3.14890155e-01 1.18067341e-01]
 [3.06956876e-01 1.24855952e-01]
 [2.90480065e-01 1.29381692e-01]
 [2.82343369e-01 1.35248392e-01]
 [2.82343369e-01 1.35248392e-01]
 [2.73189585e-01 1.45808452e-01]
 [2.65052889e-01 1.50501812e-01]
 [2.65052889e-01 1.50501812e-01]
 [2.49796583e-01 1.61501875e-01]
 [2.49796583e-01 1.61501875e-01]
 [2.40642799e-01 1.72061936e-01]
 [2.40642799e-01 1.72061936e-01]
 [2.34336859e-01 1.81071511e-01]
 [2.34336859e-01 1.81071511e-01]
 [2.21521562e-01 1.98273514e-01]
 [2.18063466e-01 2.00347812e-01]
 [2.12367779e-01 2.08833574e-01]
 [2.12367779e-01 2.08833574e-01]
 [2.04027665e-01 2.20147925e-01]
 [2.04027665e-01 2.20147925e-01]
 [1.92432872e-01 2.33725145e-01]
 [1.92432872e-01 2.33725145e-01]
 [1.89381611e-01 2.48245228e-01]
 [1.78397071e-01 2.53525258e-01]
 [1.74125305e-01 2.66725334e-01]
 [1.69243287e-01 2.67668196e-01]
 [1.64157852e-01 2.79925409e-01]
 [1.64157852e-01 2.79925409e-01]
 [1.58665582e-01 2.94801685e-01]
 [1.50528885e-01 3.00668385e-01]
 [1.47477624e-01 3.15188468e-01]
 [1.40968267e-01 3.21599933e-01]
 [1.36289666e-01 3.27068536e-01]
 [1.32017901e-01 3.40268611e-01]
 [1.32017901e-01 3.40268611e-01]
 [1.22253865e-01 3.54600122e-01]
 [1.22253865e-01 3.54600122e-01]
 [1.20016273e-01 3.66857334e-01]
 [1.11065907e-01 3.78360257e-01]
 [1.10455655e-01 3.87788883e-01]
 [1.05980472e-01 3.94388920e-01]
 [1.03234337e-01 4.06080416e-01]
 [1.01403580e-01 4.19029061e-01]
 [9.27583401e-02 4.27200536e-01]
 [8.93002441e-02 4.33360572e-01]
 [8.29943043e-02 4.50960672e-01]
 [8.29943043e-02 4.50960672e-01]
 [8.14686737e-02 4.61080730e-01]
 [7.94344996e-02 4.65480755e-01]
 [7.84174125e-02 4.75600813e-01]
 [7.41456469e-02 4.95400926e-01]
 [6.90602116e-02 5.05080981e-01]
 [6.80431245e-02 5.21801077e-01]
 [6.29576892e-02 5.31481132e-01]
 [5.78722539e-02 5.48934565e-01]
 [5.48209927e-02 5.60814633e-01]
 [4.85150529e-02 5.83443334e-01]
 [4.61757526e-02 6.00414860e-01]
 [4.52603743e-02 6.01357722e-01]
 [4.41415785e-02 6.18224485e-01]
 [3.91578519e-02 6.27757873e-01]
 [3.67168430e-02 6.43597963e-01]
 [3.60048820e-02 6.47557986e-01]
 [3.06143206e-02 6.69998114e-01]
 [3.06143206e-02 6.69998114e-01]
 [3.05126119e-02 6.84518197e-01]
 [2.81733116e-02 6.85838205e-01]
 [2.51220504e-02 7.06958325e-01]
 [2.51220504e-02 7.06958325e-01]
 [2.26810415e-02 7.22798416e-01]
 [2.26810415e-02 7.22798416e-01]
 [2.02400325e-02 7.49198567e-01]
 [2.02400325e-02 7.49198567e-01]
 [2.01383238e-02 7.66358665e-01]
 [1.84092758e-02 7.68998680e-01]
 [1.76973149e-02 7.82198755e-01]
 [1.65785191e-02 7.88798793e-01]
 [1.59682669e-02 8.05958891e-01]
 [1.59682669e-02 8.05958891e-01]
 [1.34255492e-02 8.28399019e-01]
 [1.23067535e-02 8.34999057e-01]
 [1.15947925e-02 8.48199133e-01]
 [1.15947925e-02 8.48199133e-01]
 [9.15378356e-03 8.74599283e-01]
 [8.54353133e-03 8.81199321e-01]
 [6.71277461e-03 9.00999434e-01]
 [6.71277461e-03 9.00999434e-01]
 [4.88201790e-03 9.20799547e-01]
 [4.27176566e-03 9.27399585e-01]
 [2.44100895e-03 9.73599849e-01]
 [2.44100895e-03 9.73599849e-01]
 [0.00000000e+00 1.00000000e+00]
 [0.00000000e+00 1.00000000e+00]]
